
Round: 0
00000000
00000000
00000000
00000000
00000000
00000000
00000000
00000000

Valid moves for 1:
3, 3
3, 4
4, 3
4, 4

Player 1: 4, 3

After move by Player 1
00000000
00000000
00000000
00010000
00000000
00000000
00000000
00000000


Round: 1
00000000
00000000
00000000
00010000
00000000
00000000
00000000
00000000

Valid moves for 2:
3, 3
3, 4
4, 4

Player 2: 4, 4

After move by Player 2
00000000
00000000
00000000
00012000
00000000
00000000
00000000
00000000


Round: 2
00000000
00000000
00000000
00012000
00000000
00000000
00000000
00000000

Valid moves for 1:
3, 3
3, 4

Player 1: 3, 4

After move by Player 1
00000000
00000000
00000000
00012000
00001000
00000000
00000000
00000000


Round: 3
00000000
00000000
00000000
00012000
00001000
00000000
00000000
00000000

Valid moves for 2:
3, 3

Player 2: 3, 3

After move by Player 2
00000000
00000000
00000000
00012000
00021000
00000000
00000000
00000000


Round: 4
00000000
00000000
00000000
00012000
00021000
00000000
00000000
00000000

Valid moves for 1:
2, 3
3, 2
4, 5
5, 4

Player 1: 3, 2

After move by Player 1
00000000
00000000
00000000
00012000
00111000
00000000
00000000
00000000


Round: 5
00000000
00000000
00000000
00012000
00111000
00000000
00000000
00000000

Valid moves for 2:
2, 2
2, 4
4, 2

Player 2: 4, 2

After move by Player 2
00000000
00000000
00000000
00222000
00111000
00000000
00000000
00000000


Round: 6
00000000
00000000
00000000
00222000
00111000
00000000
00000000
00000000

Valid moves for 1:
5, 1
5, 2
5, 3
5, 4
5, 5

Player 1: 5, 3

After move by Player 1
00000000
00000000
00010000
00212000
00111000
00000000
00000000
00000000


Round: 7
00000000
00000000
00010000
00212000
00111000
00000000
00000000
00000000

Valid moves for 2:
2, 2
2, 4
6, 2
6, 4

Player 2: 6, 4

After move by Player 2
00000000
00002000
00020000
00212000
00111000
00000000
00000000
00000000


Round: 8
00000000
00002000
00020000
00212000
00111000
00000000
00000000
00000000

Valid moves for 1:
4, 1
4, 5
5, 1
5, 2
5, 4
5, 5
6, 3

Player 1: 5, 4

After move by Player 1
00000000
00002000
00021000
00211000
00111000
00000000
00000000
00000000


Round: 9
00000000
00002000
00021000
00211000
00111000
00000000
00000000
00000000

Valid moves for 2:
2, 2
2, 3
2, 4
3, 5
4, 5
5, 5

Player 2: 5, 5

After move by Player 2
00000000
00002000
00022200
00211000
00111000
00000000
00000000
00000000


Round: 10
00000000
00002000
00022200
00211000
00111000
00000000
00000000
00000000

Valid moves for 1:
4, 1
5, 1
5, 2
6, 2
6, 3
6, 5
6, 6
7, 4

Player 1: 7, 4

After move by Player 1
00001000
00001000
00021200
00211000
00111000
00000000
00000000
00000000


Round: 11
00001000
00001000
00021200
00211000
00111000
00000000
00000000
00000000

Valid moves for 2:
2, 2
2, 3
2, 4
3, 5
4, 5
7, 3
7, 5

Player 2: 2, 4

After move by Player 2
00001000
00001000
00021200
00211000
00121000
00002000
00000000
00000000


Round: 12
00001000
00001000
00021200
00211000
00121000
00002000
00000000
00000000

Valid moves for 1:
1, 4
2, 2
2, 3
3, 1
4, 1
4, 6
5, 2
5, 6
6, 2
6, 3
6, 6

Player 1: 4, 6

After move by Player 1
00001000
00001000
00021100
00211010
00121000
00002000
00000000
00000000


Round: 13
00001000
00001000
00021100
00211010
00121000
00002000
00000000
00000000

Valid moves for 2:
2, 2
3, 1
3, 5
4, 5
5, 6
6, 6
7, 5

Player 2: 7, 5

After move by Player 2
00001200
00002000
00021100
00211010
00121000
00002000
00000000
00000000


Round: 14
00001200
00002000
00021100
00211010
00121000
00002000
00000000
00000000

Valid moves for 1:
1, 4
2, 2
2, 3
4, 1
5, 2
6, 2
6, 3
7, 3
7, 6

Player 1: 4, 1

After move by Player 1
00001200
00002000
00021100
01111010
00121000
00002000
00000000
00000000


Round: 15
00001200
00002000
00021100
01111010
00121000
00002000
00000000
00000000

Valid moves for 2:
3, 1
3, 5
3, 7
5, 1
5, 6
6, 6
7, 3

Player 2: 7, 3

After move by Player 2
00022200
00002000
00021100
01111010
00121000
00002000
00000000
00000000


Round: 16
00022200
00002000
00021100
01111010
00121000
00002000
00000000
00000000

Valid moves for 1:
1, 4
1, 5
2, 2
2, 3
5, 2
6, 2
6, 3

Player 1: 1, 4

After move by Player 1
00022200
00002000
00021100
01111010
00121000
00001000
00001000
00000000


Round: 17
00022200
00002000
00021100
01111010
00121000
00001000
00001000
00000000

Valid moves for 2:
0, 4
1, 5
3, 1
3, 5
3, 7
5, 1
5, 6
6, 6

Player 2: 1, 5

After move by Player 2
00022200
00002000
00021100
01111010
00121000
00002000
00001200
00000000


Round: 18
00022200
00002000
00021100
01111010
00121000
00002000
00001200
00000000

Valid moves for 1:
0, 6
1, 6
2, 2
2, 3
5, 2
6, 2
6, 3

Player 1: 0, 6

After move by Player 1
00022200
00002000
00021100
01111010
00111000
00001000
00001100
00000010


Round: 19
00022200
00002000
00021100
01111010
00111000
00001000
00001100
00000010

Valid moves for 2:
0, 4
2, 3
3, 1
3, 5
3, 7
5, 6

Player 2: 3, 5

After move by Player 2
00022200
00002000
00021100
01112010
00111200
00001000
00001100
00000010


Round: 20
00022200
00002000
00021100
01112010
00111200
00001000
00001100
00000010

Valid moves for 1:
3, 6
4, 5
5, 2
6, 3

Player 1: 3, 6

After move by Player 1
00022200
00002000
00021100
01112010
00111110
00001000
00001100
00000010


Round: 21
00022200
00002000
00021100
01112010
00111110
00001000
00001100
00000010

Valid moves for 2:
0, 4
2, 2
2, 3
2, 6
3, 1
3, 7
4, 0
5, 6
6, 6

Player 2: 6, 6

After move by Player 2
00022200
00002020
00021200
01112010
00111110
00001000
00001100
00000010


Round: 22
00022200
00002020
00021200
01112010
00111110
00001000
00001100
00000010

Valid moves for 1:
4, 5
5, 2
5, 6
6, 2
6, 3
7, 7

Player 1: 7, 7

After move by Player 1
00022201
00002010
00021100
01111010
00111110
00001000
00001100
00000010


Round: 23
00022201
00002010
00021100
01111010
00111110
00001000
00001100
00000010

Valid moves for 2:
0, 4
2, 3
2, 6
3, 1
3, 7
5, 6
5, 7

Player 2: 5, 7

After move by Player 2
00022201
00002020
00021102
01111010
00111110
00001000
00001100
00000010


Round: 24
00022201
00002020
00021102
01111010
00111110
00001000
00001100
00000010

Valid moves for 1:
5, 2
6, 2
6, 3

Player 1: 6, 3

After move by Player 1
00022201
00012020
00011102
01111010
00111110
00001000
00001100
00000010


Round: 25
00022201
00012020
00011102
01111010
00111110
00001000
00001100
00000010

Valid moves for 2:
0, 4
1, 3
2, 2
2, 3
3, 1
3, 7
5, 2
6, 2

Player 2: 5, 2

After move by Player 2
00022201
00022020
00211102
01111010
00111110
00001000
00001100
00000010


Round: 26
00022201
00022020
00211102
01111010
00111110
00001000
00001100
00000010

Valid moves for 1:
5, 1
6, 1
6, 2
7, 2

Player 1: 6, 2

After move by Player 1
00022201
00122020
00111102
01111010
00111110
00001000
00001100
00000010


Round: 27
00022201
00122020
00111102
01111010
00111110
00001000
00001100
00000010

Valid moves for 2:
0, 4
1, 3
2, 2
2, 3
3, 0
3, 1
3, 7
4, 5
5, 1
6, 1

Player 2: 4, 5

After move by Player 2
00022201
00122020
00112102
01111210
00111110
00001000
00001100
00000010


Round: 28
00022201
00122020
00112102
01111210
00111110
00001000
00001100
00000010

Valid moves for 1:
5, 6
6, 5
7, 2

Player 1: 7, 2

After move by Player 1
00122201
00112020
00111102
01111110
00111110
00001000
00001100
00000010


Round: 29
00122201
00112020
00111102
01111110
00111110
00001000
00001100
00000010

Valid moves for 2:
0, 4
1, 3
2, 2
2, 3
3, 0
3, 1
3, 7
5, 1
6, 1
7, 1

Player 2: 6, 1

After move by Player 2
00122201
02222020
00111102
01111110
00111110
00001000
00001100
00000010


Round: 30
00122201
02222020
00111102
01111110
00111110
00001000
00001100
00000010

Valid moves for 1:
5, 0
7, 0
7, 1
7, 6

Player 1: 7, 1

After move by Player 1
01122201
02122020
00111102
01111110
00111110
00001000
00001100
00000010


Round: 31
01122201
02122020
00111102
01111110
00111110
00001000
00001100
00000010

Valid moves for 2:
0, 4
1, 3
2, 2
2, 3
2, 5
2, 7
3, 0
3, 1
3, 7
5, 1
7, 0

Player 2: 3, 0

After move by Player 2
01122201
02122020
00211102
02111110
20111110
00001000
00001100
00000010


Round: 32
01122201
02122020
00211102
02111110
20111110
00001000
00001100
00000010

Valid moves for 1:
4, 0
5, 0
5, 1
6, 0
6, 5
7, 0
7, 6

Player 1: 6, 0

After move by Player 1
01122201
11122020
00211102
02111110
20111110
00001000
00001100
00000010


Round: 33
01122201
11122020
00211102
02111110
20111110
00001000
00001100
00000010

Valid moves for 2:
0, 4
1, 3
2, 2
2, 3
2, 5
2, 7
3, 1
3, 7
4, 7
5, 1
5, 6
7, 0

Player 2: 5, 1

After move by Player 2
01122201
11222020
02211102
02111110
20111110
00001000
00001100
00000010


Round: 34
01122201
11222020
02211102
02111110
20111110
00001000
00001100
00000010

Valid moves for 1:
3, 1
4, 0
5, 0
6, 5
7, 6

Player 1: 4, 0

After move by Player 1
01122201
11222020
02211102
11111110
20111110
00001000
00001100
00000010


Round: 35
01122201
11222020
02211102
11111110
20111110
00001000
00001100
00000010

Valid moves for 2:
0, 4
1, 3
2, 2
2, 3
2, 5
2, 6
2, 7
3, 1
3, 7
5, 0
5, 6
7, 0

Player 2: 7, 0

After move by Player 2
22222201
12222020
02211102
11111110
20111110
00001000
00001100
00000010


Round: 36
22222201
12222020
02211102
11111110
20111110
00001000
00001100
00000010

Valid moves for 1:
2, 0
5, 0
6, 5

Player 1: 5, 0

After move by Player 1
22222201
12222020
11111102
11111110
20111110
00001000
00001100
00000010


Round: 37
22222201
12222020
11111102
11111110
20111110
00001000
00001100
00000010

Valid moves for 2:
0, 4
1, 3
2, 2
2, 3
2, 5
2, 6
2, 7
3, 1
3, 7

Player 2: 2, 5

After move by Player 2
22222201
12222020
11211102
11121110
20112110
00001200
00001100
00000010


Round: 38
22222201
12222020
11211102
11121110
20112110
00001200
00001100
00000010

Valid moves for 1:
2, 0
2, 3
2, 6
6, 5

Player 1: 2, 6

After move by Player 1
22222201
12222020
11211102
11121110
20112110
00001110
00001100
00000010


Round: 39
22222201
12222020
11211102
11121110
20112110
00001110
00001100
00000010

Valid moves for 2:
0, 4
1, 3
1, 6
1, 7
2, 1
2, 2
2, 3
2, 7
3, 1
3, 7
4, 7
5, 6
6, 5

Player 2: 6, 5

After move by Player 2
22222201
12222220
11212102
11121110
20112110
00001110
00001100
00000010


Round: 40
22222201
12222220
11212102
11121110
20112110
00001110
00001100
00000010

Valid moves for 1:
2, 0
2, 3
6, 7
7, 6

Player 1: 6, 7

After move by Player 1
22222201
11111111
11212102
11121110
20112110
00001110
00001100
00000010


Round: 41
22222201
11111111
11212102
11121110
20112110
00001110
00001100
00000010

Valid moves for 2:
0, 4
0, 5
1, 3
1, 6
1, 7
2, 1
2, 2
2, 3
2, 7
3, 1
3, 7
4, 7
5, 6
7, 6

Player 2: 0, 5

After move by Player 2
22222201
11111211
11212202
11121210
20112210
00001210
00001200
00000210


Round: 42
22222201
11111211
11212202
11121210
20112210
00001210
00001200
00000210

Valid moves for 1:
0, 4
1, 6
2, 0
4, 7
5, 6
7, 6

Player 1: 1, 6

After move by Player 1
22222201
11111211
11112202
11111210
20111210
00001110
00001110
00000210


Round: 43
22222201
11111211
11112202
11111210
20111210
00001110
00001110
00000210

Valid moves for 2:
0, 4
0, 7
1, 3
1, 7
2, 1
2, 2
2, 3
2, 7
3, 1
3, 7
4, 7

Player 2: 0, 7

After move by Player 2
22222201
12111211
11212202
11121210
20112210
00001210
00001120
00000222


Round: 44
22222201
12111211
11212202
11121210
20112210
00001210
00001120
00000222

Valid moves for 1:
1, 7
2, 0
4, 7
5, 6
7, 6

Player 1: 5, 6

After move by Player 1
22222201
12111211
11211112
11121210
20112210
00001210
00001120
00000222


Round: 45
22222201
12111211
11211112
11121210
20112210
00001210
00001120
00000222

Valid moves for 2:
0, 3
0, 4
1, 3
1, 7
2, 1
2, 2
2, 3
2, 7
3, 1
3, 7
4, 7
7, 6

Player 2: 3, 7

After move by Player 2
22222201
12112211
11211212
11121220
20112222
00001210
00001120
00000222


Round: 46
22222201
12112211
11211212
11121220
20112222
00001210
00001120
00000222

Valid moves for 1:
1, 7
2, 0
2, 3
2, 7
4, 7
7, 6

Player 1: 2, 7

After move by Player 1
22222201
12112211
11211212
11121120
20112212
00001211
00001120
00000222


Round: 47
22222201
12112211
11211212
11121120
20112212
00001211
00001120
00000222

Valid moves for 2:
0, 3
0, 4
1, 3
1, 7
2, 1
2, 2
2, 3
3, 1
4, 7
7, 6

Player 2: 4, 7

After move by Player 2
22222201
12112211
11211222
11121122
20112222
00001211
00001120
00000222


Round: 48
22222201
12112211
11211222
11121122
20112222
00001211
00001120
00000222

Valid moves for 1:
1, 7
2, 0
2, 3
7, 6

Player 1: 1, 7

After move by Player 1
22222201
12112211
11211222
11121122
20112222
00001211
00001111
00000222


Round: 49
22222201
12112211
11211222
11121122
20112222
00001211
00001111
00000222

Valid moves for 2:
0, 3
0, 4
1, 3
2, 1
2, 2
2, 3
3, 1
7, 6

Player 2: 2, 1

After move by Player 2
22222201
12112211
11211222
11121122
20212222
02001211
00001111
00000222


Round: 50
22222201
12112211
11211222
11121122
20212222
02001211
00001111
00000222

Valid moves for 1:
1, 0
2, 0
2, 2
2, 3
3, 1
7, 6

Player 1: 1, 0

After move by Player 1
22222201
12112211
11211222
11111122
20112222
01001211
10001111
00000222


Round: 51
22222201
12112211
11211222
11111122
20112222
01001211
10001111
00000222

Valid moves for 2:
0, 3
0, 4
1, 2
1, 3
2, 2
2, 3
3, 1
7, 6

Player 2: 1, 3

After move by Player 2
22222201
12112211
11211222
11111122
20112222
01002211
10021111
00000222


Round: 52
22222201
12112211
11211222
11111122
20112222
01002211
10021111
00000222

Valid moves for 1:
1, 2
2, 0
2, 3
7, 6

Player 1: 2, 3

After move by Player 1
22222201
12112211
11211222
11111122
20111222
01011111
10021111
00000222


Round: 53
22222201
12112211
11211222
11111122
20111222
01011111
10021111
00000222

Valid moves for 2:
0, 3
0, 4
1, 2
2, 2
3, 1
7, 6

Player 2: 0, 3

After move by Player 2
22222201
12112211
11211222
11111122
20111222
01011211
10022111
00020222


Round: 54
22222201
12112211
11211222
11111122
20111222
01011211
10022111
00020222

Valid moves for 1:
0, 2
0, 4
1, 2
2, 0
7, 6

Player 1: 0, 2

After move by Player 1
22222201
12112211
11211222
11111122
20111222
01011211
10012111
00120222


Round: 55
22222201
12112211
11211222
11111122
20111222
01011211
10012111
00120222

Valid moves for 2:
0, 1
0, 4
1, 2
2, 2
3, 1
7, 6

Player 2: 0, 4

After move by Player 2
22222201
12112211
11211222
11111122
20111222
01011221
10012211
00122222


Round: 56
22222201
12112211
11211222
11111122
20111222
01011221
10012211
00122222

Valid moves for 1:
2, 0
7, 6

Player 1: 7, 6

After move by Player 1
22222211
12112111
11211222
11111122
20111222
01011221
10012211
00122222


Round: 57
22222211
12112111
11211222
11111122
20111222
01011221
10012211
00122222

Valid moves for 2:
0, 1
1, 2
2, 2
3, 1

Player 2: 2, 2

After move by Player 2
22222211
12112111
11211222
11212122
20221222
01222221
10022211
00122222


Round: 58
22222211
12112111
11211222
11212122
20221222
01222221
10022211
00122222

Valid moves for 1:
1, 1
1, 2
2, 0
3, 1

Player 1: 1, 2

After move by Player 1
22222211
12112111
11111222
11112122
20121222
01112221
10111111
00122222


Round: 59
22222211
12112111
11111222
11112122
20121222
01112221
10111111
00122222

Valid moves for 2:
0, 1
1, 1
2, 0
3, 1

Player 2: 2, 0

After move by Player 2
22222211
12112111
11111222
11112122
20121222
22222221
10111111
00122222


Round: 60
22222211
12112111
11111222
11112122
20121222
22222221
10111111
00122222

Valid moves for 1:
1, 1
3, 1

Player 1: 1, 1

After move by Player 1
22222211
12112111
11111122
11111122
20111222
22122221
11111111
00122222


Round: 61
22222211
12112111
11111122
11111122
20111222
22122221
11111111
00122222

Valid moves for 2:
0, 0
0, 1
3, 1

Player 2: 3, 1

After move by Player 2
22222211
12112111
12121122
12211122
22222222
22222221
11121111
00122222


Round: 62
22222211
12112111
12121122
12211122
22222222
22222221
11121111
00122222

Valid moves for 1:

Player 1 can't move

Round: 62
22222211
12112111
12121122
12211122
22222222
22222221
11121111
00122222

Valid moves for 2:
0, 0
0, 1

Player 2: 0, 0

After move by Player 2
22222211
12112111
12121122
12211122
22222222
22222221
22121111
20122222


Round: 63
22222211
12112111
12121122
12211122
22222222
22222221
22121111
20122222

Valid moves for 1:

Player 1 can't move

Round: 63
22222211
12112111
12121122
12211122
22222222
22222221
22121111
20122222

Valid moves for 2:
0, 1

Player 2: 0, 1

After move by Player 2
22222211
12112111
12121122
12211122
22222222
22222221
22221111
22222222


Round: 64
22222211
12112111
12121122
12211122
22222222
22222221
22221111
22222222

Valid moves for 1:

Player 1 can't move

Round: 64
22222211
12112111
12121122
12211122
22222222
22222221
22221111
22222222

Valid moves for 2:

Player 2 can't move

Black: 21
White: 43

